0 1
0.01 1
0.02 1
0.03 1
0.04 1
0.05 1
0.06 1
0.07 1.00001
0.08 1.00001
0.09 1.00002
0.1 1.00003
0.11 1.00004
0.12 1.00006
0.13 1.00008
0.14 1.00011
0.15 1.00014
0.16 1.00019
0.17 1.00023
0.18 1.00029
0.19 1.00036
0.2 1.00044
0.21 1.00053
0.22 1.00064
0.23 1.00076
0.24 1.0009
0.25 1.00106
0.26 1.00123
0.27 1.00143
0.28 1.00165
0.29 1.00189
0.3 1.00216
0.31 1.00246
0.32 1.00279
0.33 1.00315
0.34 1.00354
0.35 1.00397
0.36 1.00444
0.37 1.00494
0.38 1.00549
0.39 1.00609
0.4 1.00673
0.41 1.00742
0.42 1.00816
0.43 1.00895
0.44 1.0098
0.45 1.01071
0.46 1.01169
0.47 1.01273
0.48 1.01383
0.49 1.01501
0.5 1.01626
0.51 1.01759
0.52 1.01899
0.53 1.02048
0.54 1.02206
0.55 1.02372
0.56 1.02548
0.57 1.02733
0.58 1.02928
0.59 1.03133
0.6 1.03349
0.61 1.03576
0.62 1.03815
0.63 1.04065
0.64 1.04327
0.65 1.04602
0.66 1.04889
0.67 1.0519
0.68 1.05504
0.69 1.05833
0.7 1.06176
0.71 1.06534
0.72 1.06907
0.73 1.07296
0.74 1.07701
0.75 1.08123
0.76 1.08562
0.77 1.09019
0.78 1.09493
0.79 1.09986
0.8 1.10498
0.81 1.1103
0.82 1.11581
0.83 1.12153
0.84 1.12746
0.85 1.1336
0.86 1.13996
0.87 1.14655
0.88 1.15336
0.89 1.16041
0.9 1.1677
0.91 1.17524
0.92 1.18302
0.93 1.19107
0.94 1.19937
0.95 1.20795
0.96 1.21679
0.97 1.22592
0.98 1.23533
0.99 1.24504
1 1.25504
1.01 1.26534
1.02 1.27595
1.03 1.28688
1.04 1.29813
1.05 1.30971
1.06 1.32162
1.07 1.33387
1.08 1.34646
1.09 1.35942
1.1 1.37273
1.11 1.3864
1.12 1.40045
1.13 1.41488
1.14 1.4297
1.15 1.44491
1.16 1.46051
1.17 1.47653
1.18 1.49296
1.19 1.50981
1.2 1.52709
1.21 1.54481
1.22 1.56297
1.23 1.58158
1.24 1.60064
1.25 1.62018
1.26 1.64018
1.27 1.66066
1.28 1.68164
1.29 1.7031
1.3 1.72507
1.31 1.74755
1.32 1.77055
1.33 1.79408
1.34 1.81814
1.35 1.84275
1.36 1.8679
1.37 1.89362
1.38 1.9199
1.39 1.94675
1.4 1.97419
1.41 2.00223
1.42 2.03086
1.43 2.0601
1.44 2.08996
1.45 2.12045
1.46 2.15157
1.47 2.18334
1.48 2.21575
1.49 2.24883
1.5 2.28258
1.51 2.31701
1.52 2.35213
1.53 2.38795
1.54 2.42447
1.55 2.46171
1.56 2.49968
1.57 2.53838
1.58 2.57782
1.59 2.61802
1.6 2.65898
1.61 2.70071
1.62 2.74323
1.63 2.78653
1.64 2.83064
1.65 2.87556
1.66 2.92131
1.67 2.96788
1.68 3.0153
1.69 3.06357
1.7 3.1127
1.71 3.1627
1.72 3.21359
1.73 3.26536
1.74 3.31804
1.75 3.37164
1.76 3.42616
1.77 3.48161
1.78 3.53801
1.79 3.59536
1.8 3.65368
1.81 3.71298
1.82 3.77327
1.83 3.83455
1.84 3.89685
1.85 3.96016
1.86 4.02451
1.87 4.0899
1.88 4.15635
1.89 4.22387
1.9 4.29246
1.91 4.36213
1.92 4.43291
1.93 4.50481
1.94 4.57782
1.95 4.65197
1.96 4.72726
1.97 4.80372
1.98 4.88134
1.99 4.96015